{"nbformat":4,"nbformat_minor":0,"metadata":{"colab":{"provenance":[],"authorship_tag":"ABX9TyO845TU9BQS6U5do6UhBSAJ"},"kernelspec":{"name":"python3","display_name":"Python 3"},"language_info":{"name":"python"}},"cells":[{"cell_type":"code","execution_count":1,"metadata":{"colab":{"base_uri":"https://localhost:8080/"},"id":"8AfETs0NTIwd","executionInfo":{"status":"ok","timestamp":1671233958816,"user_tz":180,"elapsed":1050,"user":{"displayName":"João Pedro Holanda","userId":"16249923146655308797"}},"outputId":"fe5b4dca-9bde-439f-b638-c37cf0a2ec84"},"outputs":[{"output_type":"stream","name":"stdout","text":["[5.84333333 3.05733333 3.758      1.19933333]\n","[0.82530129 0.43441097 1.75940407 0.75969263]\n"]}],"source":["from sklearn import datasets \n","from scipy.spatial import distance\n","import numpy as np\n","\n","iris = datasets.load_iris()\n","X = iris.data\n","\n","print(np.mean(X, axis=0))\n","print(np.std(X, axis=0))"]},{"cell_type":"code","source":["x1 = X[0, :]\n","x2 = X[1, :]\n","\n","S = np.cov(X.T)\n","IS = np.linalg.inv(S)\n","\n","print(x1)\n","print(x2)\n","print(IS)"],"metadata":{"colab":{"base_uri":"https://localhost:8080/"},"id":"0Eschx_qTjyR","executionInfo":{"status":"ok","timestamp":1671234121261,"user_tz":180,"elapsed":8,"user":{"displayName":"João Pedro Holanda","userId":"16249923146655308797"}},"outputId":"b53a3f4c-3ee6-4be4-cc45-455b3388ca16"},"execution_count":2,"outputs":[{"output_type":"stream","name":"stdout","text":["[5.1 3.5 1.4 0.2]\n","[4.9 3.  1.4 0.2]\n","[[ 10.31469875  -6.71318923  -7.31448253   5.739951  ]\n"," [ -6.71318923  11.05841725   6.48058913  -6.17093237]\n"," [ -7.31448253   6.48058913  10.03167858 -14.5137665 ]\n"," [  5.739951    -6.17093237 -14.5137665   27.69363502]]\n"]}]},{"cell_type":"code","source":["def mahalanobisDot(p,q,V):\n","  r = (p-q) @ V @ (p-q)\n","  return np.sqrt(r)\n","\n","mahalanobisDot(x1,x2,IS)"],"metadata":{"colab":{"base_uri":"https://localhost:8080/"},"id":"Bw94aJdzUOss","executionInfo":{"status":"ok","timestamp":1671234747809,"user_tz":180,"elapsed":304,"user":{"displayName":"João Pedro Holanda","userId":"16249923146655308797"}},"outputId":"470bef70-6d95-40c9-89f3-b94c72bd1fff"},"execution_count":3,"outputs":[{"output_type":"execute_result","data":{"text/plain":["1.35445723989668"]},"metadata":{},"execution_count":3}]},{"cell_type":"code","source":["def mahalanobisScipy(p,q,v):\n","  return distance.mahalanobis(p,q,v)\n","\n","mahalanobisScipy(x1,x2,IS)"],"metadata":{"colab":{"base_uri":"https://localhost:8080/"},"id":"BKx-_q6uWUFp","executionInfo":{"status":"ok","timestamp":1671234806846,"user_tz":180,"elapsed":305,"user":{"displayName":"João Pedro Holanda","userId":"16249923146655308797"}},"outputId":"d24c32f0-edb8-4539-9571-6aca65e69302"},"execution_count":4,"outputs":[{"output_type":"execute_result","data":{"text/plain":["1.35445723989668"]},"metadata":{},"execution_count":4}]},{"cell_type":"markdown","source":["Mahalanobis distance and normalized Euclidean distance are equivalents when the data are fully independent (i.e. no covariance between features)"],"metadata":{"id":"v3qUTt8uXHgd"}},{"cell_type":"code","source":["S = np.cov(X.T)\n","print(S)\n","\n","IS = np.identity(4)*S\n","IS = np.linalg.inv(IS)\n","print(IS)\n","\n","print(distance.mahalanobis(x1,x2,IS))\n","print(distance.seuclidean(x1,x2,np.diag(S)))"],"metadata":{"colab":{"base_uri":"https://localhost:8080/"},"id":"s0F0j-WZXTlB","executionInfo":{"status":"ok","timestamp":1671235135896,"user_tz":180,"elapsed":332,"user":{"displayName":"João Pedro Holanda","userId":"16249923146655308797"}},"outputId":"7c6fe750-c0fe-4443-c31d-509cc0ca79d2"},"execution_count":5,"outputs":[{"output_type":"stream","name":"stdout","text":["[[ 0.68569351 -0.042434    1.27431544  0.51627069]\n"," [-0.042434    0.18997942 -0.32965638 -0.12163937]\n"," [ 1.27431544 -0.32965638  3.11627785  1.2956094 ]\n"," [ 0.51627069 -0.12163937  1.2956094   0.58100626]]\n","[[1.45837751 0.         0.         0.        ]\n"," [0.         5.26372809 0.         0.        ]\n"," [0.         0.         0.32089565 0.        ]\n"," [0.         0.         0.         1.72115184]]\n","1.1722913980470526\n","1.1722913980470526\n"]}]},{"cell_type":"markdown","source":["Mahalanobis distance and Euclidean distance are equivalents when the data are fully independent (i.e. no covariance between features) and are standardized by z-score (i.e. unitary variance of features)\n"],"metadata":{"id":"OAsp6lZUYKjR"}},{"cell_type":"code","source":["X_std = (X - np.mean(X, axis=0))\n","X_std = (X_std / np.std(X, axis = 0))\n","\n","print(np.mean(X_std, axis=0))\n","print(np.std(X_std, axis=0))\n","\n","S = np.cov(X_std.T, ddof=0)\n","print(S)\n","\n","IS = np.identity(4)*S\n","IS = np.linalg.inv(IS)\n","print(IS)\n","\n","print(distance.mahalanobis(x1,x2,IS))\n","print(distance.seuclidean(x1,x2,np.diag(S)))"],"metadata":{"colab":{"base_uri":"https://localhost:8080/"},"id":"APz1wYkfYXjv","executionInfo":{"status":"ok","timestamp":1671235728379,"user_tz":180,"elapsed":331,"user":{"displayName":"João Pedro Holanda","userId":"16249923146655308797"}},"outputId":"fde4e777-20db-4e9e-fb4f-9fa9dade6c91"},"execution_count":7,"outputs":[{"output_type":"stream","name":"stdout","text":["[-1.69031455e-15 -1.84297022e-15 -1.69864123e-15 -1.40924309e-15]\n","[1. 1. 1. 1.]\n","[[ 1.         -0.11756978  0.87175378  0.81794113]\n"," [-0.11756978  1.         -0.4284401  -0.36612593]\n"," [ 0.87175378 -0.4284401   1.          0.96286543]\n"," [ 0.81794113 -0.36612593  0.96286543  1.        ]]\n","[[1. 0. 0. 0.]\n"," [0. 1. 0. 0.]\n"," [0. 0. 1. 0.]\n"," [0. 0. 0. 1.]]\n","0.5385164807134505\n","0.5385164807134505\n"]}]}]}